Num       RefCount Protocol Flags    Type St Inode Path
0000000000000000: 00000002 00000000 00010000 0005 01 26691 @@@@@@@@@@@@@@@@@@@@@@@@@@@@@@@@@@@@@@@@@@@@@@@@@@@@@@@@@@@@@@@@@@@@@@@@@@@@@@@@@@@@@@@@@@@@@@@@@@@@@@@@@@@@
0000000000000000: 00000002 00000000 00000000 0002 01 54533 /dev/socket/location/genl_cli_ctrl_sock
0000000000000000: 00000002 00000000 00010000 0001 01 43737 @mi_reclaim
0000000000000000: 00000002 00000000 00000000 0002 01 28017 /data/system/unsolzygotesocket
0000000000000000: 00000002 00000000 00010000 0001 01 17037 @miui_booster
0000000000000000: 00000002 00000000 00000000 0002 01 54535 /dev/socket/location/genl_cli_mon_sock
0000000000000000: 00000002 00000000 00010000 0001 01 16648 /dev/socket/pps
0000000000000000: 00000002 00000000 00010000 0001 01 121270 @com.android.internal.os.AppZygoteInit/76f9cdf6-d084-41e7-8d4d-24b89244d2c4
0000000000000000: 00000002 00000000 00010000 0001 01 45068 /dev/socket/netmgr/netmgr_connect_socket
0000000000000000: 00000002 00000000 00000000 0002 01 54542 /dev/socket/location/cld80211_cli_ctrl_sock
0000000000000000: 00000002 00000000 00000000 0002 01 54544 /dev/socket/location/cld80211_cli_mon_sock
0000000000000000: 00000002 00000000 00010000 0001 01 28178 /dev/socket/qcrild/rild1
0000000000000000: 00000002 00000000 00010000 0001 01 35903 @scouttrace
0000000000000000: 00000002 00000000 00010000 0001 01 121695 @chrome_devtools_remote
0000000000000000: 00000002 00000000 00010000 0001 01 45792 /data/system/ndebugsocket
0000000000000000: 00000002 00000000 00010000 0001 01   835 /dev/socket/location/mq/location-mq-s
0000000000000000: 00000002 00000000 00010000 0001 01 32581 /dev/socket/qcrild/rild0
0000000000000000: 00000002 00000000 00010000 0001 01 20295 /dev/socket/ssgtzd
0000000000000000: 00000002 00000000 00010000 0001 01 20297 /dev/socket/qwes_ipc
0000000000000000: 00000084 00000000 00000000 0002 01 18252 /dev/socket/statsdw
0000000000000000: 00000005 00000000 00000000 0002 01 43830 /data/vendor/wifi/wpa/sockets/wlan0
0000000000000000: 00000002 00000000 00010000 0005 01 24914 /dev/socket/adbd
0000000000000000: 00000002 00000000 00000000 0002 01 45657 /dev/socket/vendor_wpa_wlan0
0000000000000000: 00000002 00000000 00010000 0001 01 18777 /dev/socket/logd
0000000000000000: 00000002 00000000 00010000 0001 01 33114 /dev/socket/netmgr/netmgr_priority_socket
0000000000000000: 00000002 00000000 00010000 0005 01 18779 /dev/socket/logdr
0000000000000000: 00000124 00000000 00000000 0002 01 18781 /dev/socket/logdw
0000000000000000: 00000002 00000000 00000000 0002 01 14174 /dev/socket/qti_dpm_uds_file
0000000000000000: 00000002 00000000 00010000 0001 01 1153793 /data/data/com.wireguard.android/cache/wireguard/tun0.sock
0000000000000000: 00000002 00000000 00010000 0001 01 26464 /dev/socket/ims_datad
0000000000000000: 00000002 00000000 00010000 0005 01 20321 /dev/socket/audio_hw_socket
0000000000000000: 00000002 00000000 00000000 0002 01 14182 /dev/socket/adpl_cmd_uds_file
0000000000000000: 00000002 00000000 00010000 0001 01 1007936 @stetho_com.google.android.apps.messaging_devtools_remote
0000000000000000: 00000002 00000000 00010000 0005 01 18792 /dev/socket/lmkd
0000000000000000: 00000002 00000000 00010000 0005 01 30828 /dev/socket/ssgqmig
0000000000000000: 00000002 00000000 00010000 0001 01 25198 /dev/socket/dpmd
0000000000000000: 00000002 00000000 00000000 0001 01 25200 /dev/socket/tcm
0000000000000000: 00000002 00000000 00010000 0001 01 15647 @time_genoff
0000000000000000: 00000002 00000000 00000000 0001 01 25202 /dev/socket/dpmwrapper
0000000000000000: 00000002 00000000 00000000 0002 01 54537 /data/vendor/wifi/wpa/sockets/wpa_ctrl_2035-2
0000000000000000: 00000002 00000000 00000000 0002 01 29794 /data/vendor/wifi/sockets/cnss_user_server
0000000000000000: 00000002 00000000 00010000 0001 01 61800 @stetho_com.google.android.apps.messaging:rcs_devtools_remote
0000000000000000: 00000002 00000000 00000000 0002 01 31891 /dev/socket/location/xtra/socket_xtra
0000000000000000: 00000002 00000000 00010000 0001 01   659 /dev/socket/netmgr/netmgr_priority_notify_socket
0000000000000000: 00000002 00000000 00010000 0001 01 19864 /dev/socket/dnsproxyd
0000000000000000: 00000002 00000000 00010000 0001 01 27034 /dev/socket/traced_consumer
0000000000000000: 00000002 00000000 00000000 0001 01 19866 /dev/socket/mdns
0000000000000000: 00000002 00000000 00000000 0002 01 54116 /data/vendor/wifi/wpa/sockets/wpa_ctrl_1896-1
0000000000000000: 00000002 00000000 00010000 0001 01 27036 /dev/socket/traced_producer
0000000000000000: 00000002 00000000 00010000 0001 01 19868 /dev/socket/fwmarkd
0000000000000000: 00000002 00000000 00010000 0005 01  1693 /dev/socket/tombstoned_crash
0000000000000000: 00000002 00000000 00000000 0002 01 54117 /data/vendor/wifi/wpa/sockets/wpa_ctrl_1896-2
0000000000000000: 00000002 00000000 00010000 0005 01  1695 /dev/socket/tombstoned_intercept
0000000000000000: 00000002 00000000 00010000 0001 01  1439 /dev/socket/prng_seeder
0000000000000000: 00000002 00000000 00010000 0005 01  1697 /dev/socket/tombstoned_java_trace
0000000000000000: 00000002 00000000 00010000 0001 01  2725 /dev/socket/property_service
0000000000000000: 00000002 00000000 00010000 0001 01 33064 @mi_dexopt
0000000000000000: 00000002 00000000 00010000 0001 01 19883 /dev/socket/zygote
0000000000000000: 00000002 00000000 00000000 0002 01 23724 /dev/socket/location/socket_hal
0000000000000000: 00000002 00000000 00010000 0001 01 19885 /dev/socket/usap_pool_primary
0000000000000000: 00000002 00000000 00010000 0001 01 46717 @com.android.internal.os.WebViewZygoteInit/06ee899b-3c81-4090-a4d5-fdcd55e86f48
0000000000000000: 00000002 00000000 00010000 0001 01 19895 /dev/socket/zygote_secondary
0000000000000000: 00000002 00000000 00010000 0001 01 19897 /dev/socket/usap_pool_secondary
0000000000000000: 00000002 00000000 00000000 0001 01   699 /dev/socket/miui_booster
0000000000000000: 00000002 00000000 00010000 0001 01 30143 /dev/socket/qmux_radio/ril_ipc
0000000000000000: 00000002 00000000 00010000 0001 01 43730 @fbs_native_socket
0000000000000000: 00000002 00000000 00000000 0002 01   724 /dev/socket/ipacm_log_file
0000000000000000: 00000002 00000000 00010000 0001 01 17876 /dev/socket/mqsasd
0000000000000000: 00000002 00000000 00000000 0002 01 17878 /dev/socket/mqsasd_pr
0000000000000000: 00000002 00000000 00010000 0001 01 17113 /dev/socket/mlid
0000000000000000: 00000002 00000000 00010000 0005 01 26873 @jdwp-control
0000000000000000: 00000002 00000000 00010000 0005 01 16609 /dev/socket/qesd
0000000000000000: 00000002 00000000 00010000 0001 01 32855 @/mnt/bpfframework/miuibpfdispatcher
0000000000000000: 00000002 00000000 00000000 0002 01  1601 @gplisnr@
0000000000000000: 00000002 00000000 00010000 0001 01 67644 @mqsas_savior_socket
0000000000000000: 00000006 00000000 00000000 0002 01 43769 /dev/socket/wifihal/wifihal_ctrlsock
0000000000000000: 00000003 00000000 00000000 0005 03 641324
0000000000000000: 00000002 00000000 00000000 0002 01 63129
0000000000000000: 00000003 00000000 00000000 0005 03 45480
0000000000000000: 00000002 00000000 00000000 0002 01 1007997
0000000000000000: 00000003 00000000 00000000 0005 03 1006777
0000000000000000: 00000002 00000000 00000000 0002 01 17903
0000000000000000: 00000003 00000000 00000000 0001 03 638750
0000000000000000: 00000003 00000000 00000000 0005 03 33309
0000000000000000: 00000002 00000000 00000000 0002 01 46793
0000000000000000: 00000003 00000000 00000000 0005 03 1011004 @jdwp-control
0000000000000000: 00000002 00000000 00000000 0002 01 648055
0000000000000000: 00000003 00000000 00000000 0005 03 61827
0000000000000000: 00000003 00000000 00000000 0005 03 44606
0000000000000000: 00000003 00000000 00000000 0005 03 45123
0000000000000000: 00000002 00000000 00000000 0002 01 25343
0000000000000000: 00000002 00000000 00000000 0002 01 1151057
0000000000000000: 00000002 00000000 00000000 0002 01 241325
0000000000000000: 00000003 00000000 00000000 0001 03 43786
0000000000000000: 00000003 00000000 00000000 0001 03 33957
0000000000000000: 00000002 00000000 00000000 0002 01 31823
0000000000000000: 00000002 00000000 00000000 0002 01 29728
0000000000000000: 00000002 00000000 00000000 0002 01 23877
0000000000000000: 00000003 00000000 00000000 0001 03 1169288
0000000000000000: 00000003 00000000 00000000 0005 03 32522
0000000000000000: 00000003 00000000 00000000 0001 03 1003986 /dev/socket/traced_producer
0000000000000000: 00000003 00000000 00000000 0001 03 643918
0000000000000000: 00000002 00000000 00000000 0002 01 637558
0000000000000000: 00000003 00000000 00000000 0005 03 63300
0000000000000000: 00000003 00000000 00000000 0005 03 56066
0000000000000000: 00000003 00000000 00000000 0005 03 122069
0000000000000000: 00000002 00000000 00000000 0002 01 56022
0000000000000000: 00000003 00000000 00000000 0005 03 1178844
0000000000000000: 00000003 00000000 00000000 0005 03 641325
0000000000000000: 00000003 00000000 00000000 0005 03 62995
0000000000000000: 00000003 00000000 00000000 0005 03 1178166
0000000000000000: 00000002 00000000 00000000 0002 01 1153708
0000000000000000: 00000003 00000000 00000000 0005 03 990869
0000000000000000: 00000002 00000000 00000000 0002 01 282671
0000000000000000: 00000003 00000000 00000000 0005 03 72762
0000000000000000: 00000002 00000000 00000000 0002 01 64207
0000000000000000: 00000003 00000000 00000000 0005 03 57042
0000000000000000: 00000003 00000000 00000000 0005 03 46944
0000000000000000: 00000002 00000000 00000000 0002 01 1182739
0000000000000000: 00000003 00000000 00000000 0005 03 116228
0000000000000000: 00000003 00000000 00000000 0005 03 647067
0000000000000000: 00000002 00000000 00000000 0002 01 63546
0000000000000000: 00000003 00000000 00000000 0005 03 37462
0000000000000000: 00000003 00000000 00000000 0005 03 32082 @@@@@@@@@@@@@@@@@@@@@@@@@@@@@@@@@@@@@@@@@@@@@@@@@@@@@@@@@@@@@@@@@@@@@@@@@@@@@@@@@@@@@@@@@@@@@@@@@@@@@@@@@@@@
0000000000000000: 00000003 00000000 00000000 0001 03 146774 /dev/socket/traced_producer
0000000000000000: 00000003 00000000 00000000 0005 03 49471
0000000000000000: 00000002 00000000 00000000 0002 01 24622
0000000000000000: 00000002 00000000 00000000 0002 01 1007888
0000000000000000: 00000002 00000000 00000000 0002 01 905999
0000000000000000: 00000002 00000000 00000000 0002 01 29751
0000000000000000: 00000003 00000000 00000000 0001 03 642419
0000000000000000: 00000003 00000000 00000000 0001 03 1153614
0000000000000000: 00000002 00000000 00000000 0002 01 230012
0000000000000000: 00000003 00000000 00000000 0005 03 66277
0000000000000000: 00000002 00000000 00000000 0002 01 800093
0000000000000000: 00000003 00000000 00000000 0005 03 47461
0000000000000000: 00000002 00000000 00000000 0002 01 22359
0000000000000000: 00000003 00000000 00000000 0001 03 1157826
0000000000000000: 00000003 00000000 00000000 0005 03 990866
0000000000000000: 00000002 00000000 00000000 0002 01 72528
0000000000000000: 00000003 00000000 00000000 0005 03 42810
0000000000000000: 00000002 00000000 00000000 0002 01 23591
0000000000000000: 00000003 00000000 00000000 0001 03 1064585 /dev/socket/traced_producer
0000000000000000: 00000002 00000000 00000000 0002 01 298588
0000000000000000: 00000003 00000000 00000000 0005 03 69281
0000000000000000: 00000003 00000000 00000000 0001 03 903039
0000000000000000: 00000003 00000000 00000000 0005 03 106725
0000000000000000: 00000002 00000000 00000000 0002 01 61370
0000000000000000: 00000003 00000000 00000000 0005 03 47120
0000000000000000: 00000003 00000000 00000000 0005 03 44368 /dev/socket/lmkd
0000000000000000: 00000003 00000000 00000000 0005 03 25326 @@@@@@@@@@@@@@@@@@@@@@@@@@@@@@@@@@@@@@@@@@@@@@@@@@@@@@@@@@@@@@@@@@@@@@@@@@@@@@@@@@@@@@@@@@@@@@@@@@@@@@@@@@@@
0000000000000000: 00000003 00000000 00000000 0001 03 1155079 /dev/socket/traced_producer
0000000000000000: 00000002 00000000 00000000 0002 01 356210
0000000000000000: 00000003 00000000 00000000 0005 03 45555
0000000000000000: 00000002 00000000 00000000 0002 01 14069
0000000000000000: 00000002 00000000 00000000 0002 01 29198
0000000000000000: 00000002 00000000 00000000 0002 01 23808
0000000000000000: 00000002 00000000 00000000 0002 01 428180
0000000000000000: 00000003 00000000 00000000 0005 03 72761
0000000000000000: 00000003 00000000 00000000 0005 03 50596
0000000000000000: 00000002 00000000 00000000 0002 01 16263
0000000000000000: 00000003 00000000 00000000 0001 03 1174239
0000000000000000: 00000002 00000000 00000000 0002 01 121268
0000000000000000: 00000002 00000000 00000000 0002 01 63062
0000000000000000: 00000003 00000000 00000000 0002 01   784
0000000000000000: 00000002 00000000 00000000 0002 01 17103
0000000000000000: 00000002 00000000 00000000 0002 01 22480
0000000000000000: 00000003 00000000 00000000 0005 03 988788
0000000000000000: 00000002 00000000 00000000 0002 01 253700
0000000000000000: 00000003 00000000 00000000 0005 03 141972
0000000000000000: 00000002 00000000 00000000 0002 01 63229
0000000000000000: 00000003 00000000 00000000 0001 03 38750
0000000000000000: 00000002 00000000 00000000 0002 01 15161
0000000000000000: 00000003 00000000 00000000 0005 03 122031
0000000000000000: 00000002 00000000 00000000 0002 01 48135
0000000000000000: 00000002 00000000 00000000 0002 01 45852
0000000000000000: 00000003 00000000 00000000 0005 03 32502 @@@@@@@@@@@@@@@@@@@@@@@@@@@@@@@@@@@@@@@@@@@@@@@@@@@@@@@@@@@@@@@@@@@@@@@@@@@@@@@@@@@@@@@@@@@@@@@@@@@@@@@@@@@@
0000000000000000: 00000003 00000000 00000000 0005 03 29098
0000000000000000: 00000002 00000000 00000000 0002 01 26956
0000000000000000: 00000002 00000000 00000000 0002 01 902403
0000000000000000: 00000003 00000000 00000000 0005 03 645716
0000000000000000: 00000003 00000000 00000000 0005 03 42812
0000000000000000: 00000003 00000000 00000000 0005 03 23410
0000000000000000: 00000002 00000000 00000000 0002 01 636265
0000000000000000: 00000002 00000000 00000000 0002 01 32119
0000000000000000: 00000002 00000000 00000000 0002 01 27967
0000000000000000: 00000003 00000000 00000000 0005 03 13844 @@@@@@@@@@@@@@@@@@@@@@@@@@@@@@@@@@@@@@@@@@@@@@@@@@@@@@@@@@@@@@@@@@@@@@@@@@@@@@@@@@@@@@@@@@@@@@@@@@@@@@@@@@@@
0000000000000000: 00000002 00000000 00000000 0002 01 15166
0000000000000000: 00000003 00000000 00000000 0005 03 1178185
0000000000000000: 00000002 00000000 00000000 0002 01 988322
0000000000000000: 00000002 00000000 00000000 0002 01 434207
0000000000000000: 00000002 00000000 00000000 0002 01 48138
0000000000000000: 00000003 00000000 00000000 0005 03 44761
0000000000000000: 00000003 00000000 00000000 0001 03 29547
0000000000000000: 00000002 00000000 00000000 0002 01 13904
0000000000000000: 00000002 00000000 00000000 0002 01 26686
0000000000000000: 00000003 00000000 00000000 0005 03 651916
0000000000000000: 00000003 00000000 00000000 0005 03 37485
0000000000000000: 00000002 00000000 00000000 0002 01 26443
0000000000000000: 00000002 00000000 00000000 0002 01   398
0000000000000000: 00000003 00000000 00000000 0005 03 291521
0000000000000000: 00000002 00000000 00000000 0002 01 130145
0000000000000000: 00000003 00000000 00000000 0005 03 46386
0000000000000000: 00000003 00000000 00000000 0005 03 990903
0000000000000000: 00000003 00000000 00000000 0005 03 57019
0000000000000000: 00000003 00000000 00000000 0005 03 45556
0000000000000000: 00000003 00000000 00000000 0005 03 62994
0000000000000000: 00000002 00000000 00000000 0002 01 33498
0000000000000000: 00000002 00000000 00000000 0002 01 17697
0000000000000000: 00000002 00000000 00000000 0002 01 1170731
0000000000000000: 00000003 00000000 00000000 0005 03 1087737
0000000000000000: 00000002 00000000 00000000 0002 01 1061138
0000000000000000: 00000002 00000000 00000000 0002 01 903510
0000000000000000: 00000002 00000000 00000000 0002 01 800107
0000000000000000: 00000003 00000000 00000000 0001 03 54541
0000000000000000: 00000003 00000000 00000000 0001 03 51407 /dev/socket/traced_producer
0000000000000000: 00000003 00000000 00000000 0005 03 29164
0000000000000000: 00000002 00000000 00000000 0002 01 27629
0000000000000000: 00000003 00000000 00000000 0001 03 43738 @mi_reclaim
0000000000000000: 00000003 00000000 00000000 0005 03 32580 /dev/socket/logdr
0000000000000000: 00000002 00000000 00000000 0002 01 23588
0000000000000000: 00000002 00000000 00000000 0002 01 366033
0000000000000000: 00000003 00000000 00000000 0005 03 1016805
0000000000000000: 00000002 00000000 00000000 0002 01 56489
0000000000000000: 00000003 00000000 00000000 0001 03 30146 /dev/socket/qmux_radio/ril_ipc
0000000000000000: 00000002 00000000 00000000 0002 01 119933
0000000000000000: 00000002 00000000 00000000 0002 01 50018
0000000000000000: 00000003 00000000 00000000 0005 03 818864
0000000000000000: 00000003 00000000 00000000 0005 03 57018
0000000000000000: 00000003 00000000 00000000 0001 03 1170756
0000000000000000: 00000002 00000000 00000000 0002 01 1153104
0000000000000000: 00000003 00000000 00000000 0001 03 68235 /dev/socket/traced_producer
0000000000000000: 00000002 00000000 00000000 0002 01 63112
0000000000000000: 00000003 00000000 00000000 0005 03 1089631
0000000000000000: 00000003 00000000 00000000 0001 03 711879
0000000000000000: 00000002 00000000 00000000 0002 01 642357
0000000000000000: 00000003 00000000 00000000 0001 03 307245 /dev/socket/traced_producer
0000000000000000: 00000002 00000000 00000000 0002 01 33392
0000000000000000: 00000002 00000000 00000000 0002 01 418950
0000000000000000: 00000003 00000000 00000000 0005 03 37461
0000000000000000: 00000002 00000000 00000000 0002 01   861
0000000000000000: 00000002 00000000 00000000 0002 01 29789
0000000000000000: 00000003 00000000 00000000 0001 03 637600
0000000000000000: 00000002 00000000 00000000 0002 01 299504
0000000000000000: 00000003 00000000 00000000 0001 03 146838
0000000000000000: 00000003 00000000 00000000 0005 03 46367
0000000000000000: 00000002 00000000 00000000 0002 01 1053445
0000000000000000: 00000003 00000000 00000000 0001 03 144802
0000000000000000: 00000003 00000000 00000000 0001 03 67114 /dev/socket/traced_producer
0000000000000000: 00000003 00000000 00000000 0005 03 49154
0000000000000000: 00000002 00000000 00000000 0002 01 45313
0000000000000000: 00000002 00000000 00000000 0002 01 776342
0000000000000000: 00000002 00000000 00000000 0002 01 63611
0000000000000000: 00000002 00000000 00000000 0002 01 32083
0000000000000000: 00000002 00000000 00000000 0002 01 14132
0000000000000000: 00000002 00000000 00000000 0002 01 29163
0000000000000000: 00000002 00000000 00000000 0002 01 30729
0000000000000000: 00000002 00000000 00000000 0002 01 33214
0000000000000000: 00000002 00000000 00000000 0002 01 921805
0000000000000000: 00000002 00000000 00000000 0002 01 56062
0000000000000000: 00000003 00000000 00000000 0005 03 46920
0000000000000000: 00000002 00000000 00000000 0002 01 71821
0000000000000000: 00000003 00000000 00000000 0005 03 57122
0000000000000000: 00000002 00000000 00000000 0002 01 20989
0000000000000000: 00000002 00000000 00000000 0002 01  1951
0000000000000000: 00000003 00000000 00000000 0001 03 1174245
0000000000000000: 00000003 00000000 00000000 0005 03 62997
0000000000000000: 00000002 00000000 00000000 0002 01 1076998
0000000000000000: 00000003 00000000 00000000 0005 03 990865
0000000000000000: 00000002 00000000 00000000 0002 01 988420
0000000000000000: 00000003 00000000 00000000 0001 03 116051
0000000000000000: 00000002 00000000 00000000 0002 01 56318
0000000000000000: 00000002 00000000 00000000 0002 01 32364
0000000000000000: 00000003 00000000 00000000 0005 03 61828
0000000000000000: 00000003 00000000 00000000 0005 03 46002
0000000000000000: 00000003 00000000 00000000 0001 03 30145
0000000000000000: 00000002 00000000 00000000 0002 01 287379
0000000000000000: 00000003 00000000 00000000 0005 03 284507
0000000000000000: 00000003 00000000 00000000 0005 03 119334
0000000000000000: 00000002 00000000 00000000 0002 01 43862
0000000000000000: 00000003 00000000 00000000 0001 03 31294
0000000000000000: 00000002 00000000 00000000 0002 01 31918
0000000000000000: 00000002 00000000 00000000 0002 01 24218
0000000000000000: 00000002 00000000 00000000 0002 01 13650
0000000000000000: 00000002 00000000 00000000 0002 01 1149748
0000000000000000: 00000003 00000000 00000000 0005 03 122068
0000000000000000: 00000003 00000000 00000000 0005 03 45468
0000000000000000: 00000003 00000000 00000000 0005 03 24896
0000000000000000: 00000002 00000000 00000000 0002 01 139910
0000000000000000: 00000003 00000000 00000000 0005 03 46990
0000000000000000: 00000003 00000000 00000000 0001 03 642420
0000000000000000: 00000003 00000000 00000000 0005 03 66182
0000000000000000: 00000002 00000000 00000000 0002 01 22751
0000000000000000: 00000003 00000000 00000000 0001 03 1174246
0000000000000000: 00000003 00000000 00000000 0005 03 1015435
0000000000000000: 00000003 00000000 00000000 0001 03 996506
0000000000000000: 00000002 00000000 00000000 0002 01 56033
0000000000000000: 00000003 00000000 00000000 0005 03 1006776
0000000000000000: 00000002 00000000 00000000 0002 01 279429
0000000000000000: 00000003 00000000 00000000 0005 03 56743
0000000000000000: 00000003 00000000 00000000 0001 03 33958
0000000000000000: 00000002 00000000 00000000 0002 01   834
0000000000000000: 00000002 00000000 00000000 0002 01 24612
0000000000000000: 00000002 00000000 00000000 0002 01 291568
0000000000000000: 00000003 00000000 00000000 0005 03 67434
0000000000000000: 00000003 00000000 00000000 0005 03  2751
0000000000000000: 00000003 00000000 00000000 0005 03 47583
0000000000000000: 00000002 00000000 00000000 0002 01 280515
0000000000000000: 00000002 00000000 00000000 0002 01 251537
0000000000000000: 00000003 00000000 00000000 0005 03 57041
0000000000000000: 00000003 00000000 00000000 0005 03 50492
0000000000000000: 00000003 00000000 00000000 0005 03 1015434
0000000000000000: 00000002 00000000 00000000 0002 01 23273
0000000000000000: 00000002 00000000 00000000 0002 01 1171057
0000000000000000: 00000002 00000000 00000000 0002 01 63740
0000000000000000: 00000003 00000000 00000000 0005 03 29871
0000000000000000: 00000003 00000000 00000000 0001 03 1173157
0000000000000000: 00000003 00000000 00000000 0001 03 116052
0000000000000000: 00000003 00000000 00000000 0005 03 106724
0000000000000000: 00000003 00000000 00000000 0001 03 1087688
0000000000000000: 00000002 00000000 00000000 0002 01 1007827
0000000000000000: 00000002 00000000 00000000 0002 01 56104
0000000000000000: 00000003 00000000 00000000 0005 03 35488
0000000000000000: 00000003 00000000 00000000 0001 03 35841
0000000000000000: 00000002 00000000 00000000 0002 01 16548
0000000000000000: 00000002 00000000 00000000 0002 01 1161481
0000000000000000: 00000002 00000000 00000000 0002 01 15221
0000000000000000: 00000002 00000000 00000000 0002 01 22331
0000000000000000: 00000002 00000000 00000000 0002 01 1172207
0000000000000000: 00000002 00000000 00000000 0002 01 639325
0000000000000000: 00000002 00000000 00000000 0002 01 354475
0000000000000000: 00000003 00000000 00000000 0005 03 141973
0000000000000000: 00000002 00000000 00000000 0002 01 50990
0000000000000000: 00000002 00000000 00000000 0002 01 37487
0000000000000000: 00000002 00000000 00000000 0002 01 17983
0000000000000000: 00000003 00000000 00000000 0005 03 62996
0000000000000000: 00000002 00000000 00000000 0002 01 15709
0000000000000000: 00000003 00000000 00000000 0001 03 1170924
0000000000000000: 00000002 00000000 00000000 0002 01 1010138
0000000000000000: 00000003 00000000 00000000 0005 03 148234
0000000000000000: 00000002 00000000 00000000 0002 01 116066
0000000000000000: 00000002 00000000 00000000 0002 01 75006
0000000000000000: 00000003 00000000 00000000 0005 03 49477
0000000000000000: 00000003 00000000 00000000 0005 03 25325
0000000000000000: 00000003 00000000 00000000 0001 03 921814
0000000000000000: 00000003 00000000 00000000 0005 03 641244
0000000000000000: 00000002 00000000 00000000 0002 01 69238
0000000000000000: 00000003 00000000 00000000 0005 03 35485
0000000000000000: 00000003 00000000 00000000 0001 03 43342
0000000000000000: 00000003 00000000 00000000 0002 01 17105
0000000000000000: 00000002 00000000 00000000 0002 01 29100
0000000000000000: 00000002 00000000 00000000 0002 01 1178645
0000000000000000: 00000003 00000000 00000000 0005 03 47121
0000000000000000: 00000003 00000000 00000000 0001 03 20748
0000000000000000: 00000002 00000000 00000000 0002 01 1034364
0000000000000000: 00000003 00000000 00000000 0005 03 908798
0000000000000000: 00000003 00000000 00000000 0001 03 631696
0000000000000000: 00000002 00000000 00000000 0002 01 235094
0000000000000000: 00000002 00000000 00000000 0002 01 45824
0000000000000000: 00000002 00000000 00000000 0002 01 46766
0000000000000000: 00000002 00000000 00000000 0002 01 22411
0000000000000000: 00000003 00000000 00000000 0005 03 1180050
0000000000000000: 00000003 00000000 00000000 0005 03 50122
0000000000000000: 00000002 00000000 00000000 0002 01 47585
0000000000000000: 00000003 00000000 00000000 0001 03 1088150
0000000000000000: 00000003 00000000 00000000 0001 03 916945
0000000000000000: 00000002 00000000 00000000 0002 01 240944
0000000000000000: 00000002 00000000 00000000 0002 01 56187
0000000000000000: 00000003 00000000 00000000 0005 03 37434
0000000000000000: 00000002 00000000 00000000 0002 01 29539
0000000000000000: 00000002 00000000 00000000 0002 01   334
0000000000000000: 00000003 00000000 00000000 0001 03 1169287
0000000000000000: 00000003 00000000 00000000 0001 03 148295
0000000000000000: 00000003 00000000 00000000 0005 03 23417
0000000000000000: 00000002 00000000 00000000 0002 01 20913
0000000000000000: 00000003 00000000 00000000 0001 03 921821
0000000000000000: 00000002 00000000 00000000 0002 01 315163
0000000000000000: 00000003 00000000 00000000 0001 03 43773
0000000000000000: 00000003 00000000 00000000 0005 03 45614
0000000000000000: 00000003 00000000 00000000 0005 03 995893
0000000000000000: 00000002 00000000 00000000 0002 01 46534
0000000000000000: 00000002 00000000 00000000 0002 01 22694
0000000000000000: 00000003 00000000 00000000 0005 03 47269
0000000000000000: 00000003 00000000 00000000 0005 03 1012674
0000000000000000: 00000002 00000000 00000000 0002 01 251560
0000000000000000: 00000002 00000000 00000000 0002 01 49846
0000000000000000: 00000003 00000000 00000000 0005 03 1178206
0000000000000000: 00000002 00000000 00000000 0002 01 76262
0000000000000000: 00000002 00000000 00000000 0002 01 63023
0000000000000000: 00000003 00000000 00000000 0005 03 56742
0000000000000000: 00000002 00000000 00000000 0002 01 21500
0000000000000000: 00000003 00000000 00000000 0001 03 1130791 /dev/socket/traced_producer
0000000000000000: 00000002 00000000 00000000 0002 01 307106
0000000000000000: 00000002 00000000 00000000 0002 01 253486
0000000000000000: 00000002 00000000 00000000 0002 01 277251
0000000000000000: 00000002 00000000 00000000 0002 01 70665
0000000000000000: 00000002 00000000 00000000 0002 01 43895
0000000000000000: 00000003 00000000 00000000 0001 03 142433
0000000000000000: 00000003 00000000 00000000 0005 03 37563
0000000000000000: 00000003 00000000 00000000 0005 03 46413
0000000000000000: 00000002 00000000 00000000 0002 01 25243
0000000000000000: 00000002 00000000 00000000 0002 01 19099
0000000000000000: 00000002 00000000 00000000 0002 01 286589
0000000000000000: 00000002 00000000 00000000 0002 01 285589
0000000000000000: 00000002 00000000 00000000 0002 01 275986
0000000000000000: 00000003 00000000 00000000 0001 03 14336
0000000000000000: 00000002 00000000 00000000 0002 01 29651
0000000000000000: 00000003 00000000 00000000 0001 03 1173156
0000000000000000: 00000003 00000000 00000000 0001 03 1061164
0000000000000000: 00000003 00000000 00000000 0001 03 921813
0000000000000000: 00000002 00000000 00000000 0002 01 287324
0000000000000000: 00000003 00000000 00000000 0005 03 116274
0000000000000000: 00000003 00000000 00000000 0005 03 63564
0000000000000000: 00000002 00000000 00000000 0002 01 47361
0000000000000000: 00000002 00000000 00000000 0002 01 24538
0000000000000000: 00000003 00000000 00000000 0005 03 42744 @@@@@@@@@@@@@@@@@@@@@@@@@@@@@@@@@@@@@@@@@@@@@@@@@@@@@@@@@@@@@@@@@@@@@@@@@@@@@@@@@@@@@@@@@@@@@@@@@@@@@@@@@@@@
0000000000000000: 00000002 00000000 00000000 0002 01 32268
0000000000000000: 00000002 00000000 00000000 0002 01 16272
0000000000000000: 00000002 00000000 00000000 0002 01 18840
0000000000000000: 00000003 00000000 00000000 0005 03 1087738
0000000000000000: 00000002 00000000 00000000 0002 01 46445
0000000000000000: 00000003 00000000 00000000 0002 01 14011
0000000000000000: 00000003 00000000 00000000 0001 03 1169164
0000000000000000: 00000003 00000000 00000000 0005 03 45481
0000000000000000: 00000003 00000000 00000000 0001 03   654
0000000000000000: 00000003 00000000 00000000 0001 03 25242
0000000000000000: 00000002 00000000 00000000 0002 01 25759
0000000000000000: 00000002 00000000 00000000 0002 01 16598
0000000000000000: 00000003 00000000 00000000 0005 03 291524
0000000000000000: 00000003 00000000 00000000 0005 03 49615
0000000000000000: 00000002 00000000 00000000 0002 01 282658
0000000000000000: 00000002 00000000 00000000 0002 01 72099
0000000000000000: 00000003 00000000 00000000 0005 03 54706
0000000000000000: 00000002 00000000 00000000 0002 01 18201
0000000000000000: 00000002 00000000 00000000 0002 01 1163511
0000000000000000: 00000003 00000000 00000000 0005 03 798111 /dev/socket/lmkd
0000000000000000: 00000003 00000000 00000000 0005 03 47460
0000000000000000: 00000002 00000000 00000000 0002 01 31762
0000000000000000: 00000003 00000000 00000000 0001 03 643911
0000000000000000: 00000002 00000000 00000000 0002 01 62126
0000000000000000: 00000003 00000000 00000000 0005 03 68057 /dev/socket/logdr
0000000000000000: 00000002 00000000 00000000 0002 01 63193
0000000000000000: 00000003 00000000 00000000 0005 03 23416
0000000000000000: 00000002 00000000 00000000 0002 01 23723
0000000000000000: 00000003 00000000 00000000 0005 03 988787
0000000000000000: 00000002 00000000 00000000 0002 01 276254
0000000000000000: 00000003 00000000 00000000 0005 03 119271
0000000000000000: 00000003 00000000 00000000 0005 03 29196
0000000000000000: 00000003 00000000 00000000 0005 03 1053471
0000000000000000: 00000002 00000000 00000000 0002 01 990788
0000000000000000: 00000003 00000000 00000000 0005 03 461787
0000000000000000: 00000003 00000000 00000000 0001 03 45460 /dev/socket/zygote_secondary
0000000000000000: 00000002 00000000 00000000 0002 01 26353
0000000000000000: 00000002 00000000 00000000 0002 01 16688
0000000000000000: 00000002 00000000 00000000 0002 01   388
0000000000000000: 00000002 00000000 00000000 0002 01 47316
0000000000000000: 00000003 00000000 00000000 0005 03 56067
0000000000000000: 00000002 00000000 00000000 0002 01 46772
0000000000000000: 00000003 00000000 00000000 0005 03 46414
0000000000000000: 00000003 00000000 00000000 0001 03 1167680 /dev/socket/traced_producer
0000000000000000: 00000003 00000000 00000000 0005 03 1089632
0000000000000000: 00000003 00000000 00000000 0001 03 638749
0000000000000000: 00000003 00000000 00000000 0005 03 67433
0000000000000000: 00000002 00000000 00000000 0002 01 32787
0000000000000000: 00000002 00000000 00000000 0002 01 1207382
0000000000000000: 00000002 00000000 00000000 0002 01 1015366
0000000000000000: 00000002 00000000 00000000 0002 01 63769
0000000000000000: 00000002 00000000 00000000 0002 01 1193643
0000000000000000: 00000002 00000000 00000000 0002 01 1032437
0000000000000000: 00000002 00000000 00000000 0002 01 637125
0000000000000000: 00000003 00000000 00000000 0005 03 32363
0000000000000000: 00000003 00000000 00000000 0005 03 29099 @@@@@@@@@@@@@@@@@@@@@@@@@@@@@@@@@@@@@@@@@@@@@@@@@@@@@@@@@@@@@@@@@@@@@@@@@@@@@@@@@@@@@@@@@@@@@@@@@@@@@@@@@@@@
0000000000000000: 00000003 00000000 00000000 0001 03 1169294
0000000000000000: 00000002 00000000 00000000 0002 01 908881
0000000000000000: 00000002 00000000 00000000 0002 01 45962
0000000000000000: 00000003 00000000 00000000 0005 03 29155 @@@@@@@@@@@@@@@@@@@@@@@@@@@@@@@@@@@@@@@@@@@@@@@@@@@@@@@@@@@@@@@@@@@@@@@@@@@@@@@@@@@@@@@@@@@@@@@@@@@@@@@@@@@@
0000000000000000: 00000003 00000000 00000000 0001 03 13937 /dev/socket/traced_producer
0000000000000000: 00000002 00000000 00000000 0002 01 14918
0000000000000000: 00000003 00000000 00000000 0005 03 1011003
0000000000000000: 00000003 00000000 00000000 0001 03 921815
0000000000000000: 00000002 00000000 00000000 0002 01 311607
0000000000000000: 00000002 00000000 00000000 0002 01 146664
0000000000000000: 00000003 00000000 00000000 0001 03 140335 /dev/socket/traced_producer
0000000000000000: 00000002 00000000 00000000 0002 01 47345
0000000000000000: 00000002 00000000 00000000 0002 01 27245
0000000000000000: 00000003 00000000 00000000 0001 03 307244
0000000000000000: 00000002 00000000 00000000 0002 01 20396
0000000000000000: 00000003 00000000 00000000 0005 03  2752
0000000000000000: 00000003 00000000 00000000 0005 03 771637
0000000000000000: 00000002 00000000 00000000 0002 01 763639
0000000000000000: 00000002 00000000 00000000 0002 01 46833
0000000000000000: 00000003 00000000 00000000 0001 03 32860 /dev/socket/traced_producer
0000000000000000: 00000003 00000000 00000000 0001 03 25241
0000000000000000: 00000002 00000000 00000000 0002 01 22156
0000000000000000: 00000003 00000000 00000000 0001 03 1180120
0000000000000000: 00000002 00000000 00000000 0002 01 49692
0000000000000000: 00000003 00000000 00000000 0005 03 818865
0000000000000000: 00000002 00000000 00000000 0002 01 72553
0000000000000000: 00000002 00000000 00000000 0002 01 56936
0000000000000000: 00000002 00000000 00000000 0002 01 33265
0000000000000000: 00000002 00000000 00000000 0002 01 29978
0000000000000000: 00000002 00000000 00000000 0002 01 1007784
0000000000000000: 00000002 00000000 00000000 0002 01 418898
0000000000000000: 00000003 00000000 00000000 0001 03 75965
0000000000000000: 00000002 00000000 00000000 0002 01 57010
0000000000000000: 00000003 00000000 00000000 0005 03 37484
0000000000000000: 00000002 00000000 00000000 0002 01 47466
0000000000000000: 00000003 00000000 00000000 0005 03 46003
0000000000000000: 00000002 00000000 00000000 0002 01   446
0000000000000000: 00000002 00000000 00000000 0002 01 14988
0000000000000000: 00000002 00000000 00000000 0002 01 1036908
0000000000000000: 00000002 00000000 00000000 0002 01 63785
0000000000000000: 00000003 00000000 00000000 0005 03 32116
0000000000000000: 00000003 00000000 00000000 0005 03 990885
0000000000000000: 00000002 00000000 00000000 0002 01 67764
0000000000000000: 00000002 00000000 00000000 0002 01 32253
0000000000000000: 00000002 00000000 00000000 0002 01 23234
0000000000000000: 00000002 00000000 00000000 0002 01 24660
0000000000000000: 00000002 00000000 00000000 0002 01 23736
0000000000000000: 00000003 00000000 00000000 0005 03 119333
0000000000000000: 00000003 00000000 00000000 0001 03 54540
0000000000000000: 00000003 00000000 00000000 0005 03 50595
0000000000000000: 00000003 00000000 00000000 0005 03 42808
0000000000000000: 00000003 00000000 00000000 0005 03 1180051
0000000000000000: 00000002 00000000 00000000 0002 01 191326
0000000000000000: 00000003 00000000 00000000 0001 03 45829 @com.android.internal.os.WebViewZygoteInit/06ee899b-3c81-4090-a4d5-fdcd55e86f48
0000000000000000: 00000003 00000000 00000000 0005 03 36609
0000000000000000: 00000003 00000000 00000000 0001 03 1172220
0000000000000000: 00000002 00000000 00000000 0002 01 291507
0000000000000000: 00000002 00000000 00000000 0002 01 56155
0000000000000000: 00000002 00000000 00000000 0002 01 1036867
0000000000000000: 00000002 00000000 00000000 0002 01 25217
0000000000000000: 00000002 00000000 00000000 0002 01 25856
0000000000000000: 00000002 00000000 00000000 0002 01 24153
0000000000000000: 00000003 00000000 00000000 0005 03 48305
0000000000000000: 00000002 00000000 00000000 0002 01 47354
0000000000000000: 00000002 00000000 00000000 0002 01 31889
0000000000000000: 00000002 00000000 00000000 0002 01 13540
0000000000000000: 00000002 00000000 00000000 0002 01 29872
0000000000000000: 00000003 00000000 00000000 0001 03 1172114
0000000000000000: 00000002 00000000 00000000 0002 01 466201
0000000000000000: 00000003 00000000 00000000 0001 03 127731 /dev/socket/traced_producer
0000000000000000: 00000002 00000000 00000000 0002 01 119936
0000000000000000: 00000002 00000000 00000000 0002 01 68914
0000000000000000: 00000003 00000000 00000000 0005 03 42807
0000000000000000: 00000003 00000000 00000000 0005 03 999659
0000000000000000: 00000003 00000000 00000000 0005 03 57317
0000000000000000: 00000002 00000000 00000000 0002 01 63057
0000000000000000: 00000003 00000000 00000000 0005 03 45489
0000000000000000: 00000003 00000000 00000000 0005 03 1174169
0000000000000000: 00000003 00000000 00000000 0005 03 990868
0000000000000000: 00000002 00000000 00000000 0002 01 414864
0000000000000000: 00000003 00000000 00000000 0005 03 404630
0000000000000000: 00000002 00000000 00000000 0002 01 63806
0000000000000000: 00000002 00000000 00000000 0002 01 22905
0000000000000000: 00000002 00000000 00000000 0002 01 287283
0000000000000000: 00000003 00000000 00000000 0005 03 50493
0000000000000000: 00000003 00000000 00000000 0001 03 1088151
0000000000000000: 00000003 00000000 00000000 0005 03 119270
0000000000000000: 00000003 00000000 00000000 0001 03 67598 /dev/socket/dpmd
0000000000000000: 00000002 00000000 00000000 0002 01 47333
0000000000000000: 00000002 00000000 00000000 0002 01 44016
0000000000000000: 00000003 00000000 00000000 0002 01 45314
0000000000000000: 00000003 00000000 00000000 0005 03 14262
0000000000000000: 00000003 00000000 00000000 0001 03 29549 /dev/socket/location/mq/location-mq-s
0000000000000000: 00000003 00000000 00000000 0005 03 277568
0000000000000000: 00000002 00000000 00000000 0002 01 241060
0000000000000000: 00000002 00000000 00000000 0002 01 17251
0000000000000000: 00000003 00000000 00000000 0005 03 1016806
0000000000000000: 00000003 00000000 00000000 0005 03 1007892
0000000000000000: 00000003 00000000 00000000 0005 03 69282
0000000000000000: 00000003 00000000 00000000 0005 03 46385
0000000000000000: 00000003 00000000 00000000 0001 03 643912
0000000000000000: 00000002 00000000 00000000 0002 01 20905
0000000000000000: 00000002 00000000 00000000 0002 01 22302
0000000000000000: 00000002 00000000 00000000 0002 01 641309
0000000000000000: 00000003 00000000 00000000 0005 03 461786
0000000000000000: 00000002 00000000 00000000 0002 01 1211812
0000000000000000: 00000003 00000000 00000000 0001 03 638693
0000000000000000: 00000003 00000000 00000000 0005 03 50674
0000000000000000: 00000003 00000000 00000000 0005 03 412836
0000000000000000: 00000003 00000000 00000000 0005 03 66183
0000000000000000: 00000003 00000000 00000000 0005 03 32117 @@@@@@@@@@@@@@@@@@@@@@@@@@@@@@@@@@@@@@@@@@@@@@@@@@@@@@@@@@@@@@@@@@@@@@@@@@@@@@@@@@@@@@@@@@@@@@@@@@@@@@@@@@@@
0000000000000000: 00000002 00000000 00000000 0002 01 23052
0000000000000000: 00000003 00000000 00000000 0001 03 143774
0000000000000000: 00000002 00000000 00000000 0002 01 35392
0000000000000000: 00000002 00000000 00000000 0002 01 30008
0000000000000000: 00000003 00000000 00000000 0001 03 1088145
0000000000000000: 00000003 00000000 00000000 0005 03 353480
0000000000000000: 00000003 00000000 00000000 0005 03 63299
0000000000000000: 00000002 00000000 00000000 0002 01 56120
0000000000000000: 00000003 00000000 00000000 0002 01 45315
0000000000000000: 00000003 00000000 00000000 0005 03 33793 @@@@@@@@@@@@@@@@@@@@@@@@@@@@@@@@@@@@@@@@@@@@@@@@@@@@@@@@@@@@@@@@@@@@@@@@@@@@@@@@@@@@@@@@@@@@@@@@@@@@@@@@@@@@
0000000000000000: 00000002 00000000 00000000 0002 01 993794
0000000000000000: 00000002 00000000 00000000 0002 01 421072
0000000000000000: 00000002 00000000 00000000 0002 01 61772
0000000000000000: 00000003 00000000 00000000 0005 03 45510
0000000000000000: 00000003 00000000 00000000 0005 03 27773 @@@@@@@@@@@@@@@@@@@@@@@@@@@@@@@@@@@@@@@@@@@@@@@@@@@@@@@@@@@@@@@@@@@@@@@@@@@@@@@@@@@@@@@@@@@@@@@@@@@@@@@@@@@@
0000000000000000: 00000002 00000000 00000000 0002 01 24237
0000000000000000: 00000002 00000000 00000000 0002 01 1034367
0000000000000000: 00000002 00000000 00000000 0002 01 418912
0000000000000000: 00000002 00000000 00000000 0002 01 47369
0000000000000000: 00000003 00000000 00000000 0001 03 43785
0000000000000000: 00000002 00000000 00000000 0002 01 14261
0000000000000000: 00000002 00000000 00000000 0002 01 63795
0000000000000000: 00000002 00000000 00000000 0002 01 49782
0000000000000000: 00000003 00000000 00000000 0001 03 921822
0000000000000000: 00000003 00000000 00000000 0005 03 36610
0000000000000000: 00000003 00000000 00000000 0005 03 990902
0000000000000000: 00000002 00000000 00000000 0002 01 63134
0000000000000000: 00000002 00000000 00000000 0002 01 21371
0000000000000000: 00000003 00000000 00000000 0001 03 1157827
0000000000000000: 00000003 00000000 00000000 0005 03 1178205
0000000000000000: 00000002 00000000 00000000 0002 01 63277
0000000000000000: 00000003 00000000 00000000 0001 03 43338 /dev/socket/ims_datad
0000000000000000: 00000002 00000000 00000000 0002 01 19691
0000000000000000: 00000003 00000000 00000000 0001 03 903040
0000000000000000: 00000003 00000000 00000000 0005 03 43336
0000000000000000: 00000002 00000000 00000000 0002 01 24267
0000000000000000: 00000003 00000000 00000000 0001 03 20747
0000000000000000: 00000003 00000000 00000000 0005 03 1178901
0000000000000000: 00000003 00000000 00000000 0005 03 284508
0000000000000000: 00000003 00000000 00000000 0005 03 119280
0000000000000000: 00000002 00000000 00000000 0002 01 67606
0000000000000000: 00000003 00000000 00000000 0005 03 49472
0000000000000000: 00000003 00000000 00000000 0001 03 47267
0000000000000000: 00000003 00000000 00000000 0005 03 32081
0000000000000000: 00000003 00000000 00000000 0002 01 14012
0000000000000000: 00000003 00000000 00000000 0005 03 25043
0000000000000000: 00000002 00000000 00000000 0002 01 1182747
0000000000000000: 00000002 00000000 00000000 0002 01 1153592
0000000000000000: 00000003 00000000 00000000 0005 03 48968 /dev/socket/adbd
0000000000000000: 00000002 00000000 00000000 0002 01 22931
0000000000000000: 00000003 00000000 00000000 0001 03 1163461
0000000000000000: 00000002 00000000 00000000 0002 01 355304
0000000000000000: 00000002 00000000 00000000 0002 01 318292
0000000000000000: 00000003 00000000 00000000 0005 03 76034
0000000000000000: 00000003 00000000 00000000 0005 03 57123
0000000000000000: 00000002 00000000 00000000 0002 01 63071
0000000000000000: 00000002 00000000 00000000 0002 01   909
0000000000000000: 00000002 00000000 00000000 0002 01 16951
0000000000000000: 00000003 00000000 00000000 0005 03 57318
0000000000000000: 00000003 00000000 00000000 0005 03 47584
0000000000000000: 00000002 00000000 00000000 0002 01 1149756
0000000000000000: 00000003 00000000 00000000 0001 03 1174240
0000000000000000: 00000003 00000000 00000000 0001 03 638694
0000000000000000: 00000003 00000000 00000000 0005 03 46963
0000000000000000: 00000002 00000000 00000000 0002 01 20366
0000000000000000: 00000003 00000000 00000000 0001 03 1170755
0000000000000000: 00000003 00000000 00000000 0005 03 1015372
0000000000000000: 00000002 00000000 00000000 0002 01 757793
0000000000000000: 00000003 00000000 00000000 0005 03 148235
0000000000000000: 00000002 00000000 00000000 0002 01 48130
0000000000000000: 00000002 00000000 00000000 0002 01 23222
0000000000000000: 00000002 00000000 00000000 0002 01 30793
0000000000000000: 00000002 00000000 00000000 0002 01 25676
0000000000000000: 00000003 00000000 00000000 0001 03 1169293
0000000000000000: 00000002 00000000 00000000 0002 01 299847
0000000000000000: 00000003 00000000 00000000 0001 03 124208
0000000000000000: 00000003 00000000 00000000 0005 03 56283
0000000000000000: 00000003 00000000 00000000 0001 03 14335
0000000000000000: 00000003 00000000 00000000 0001 03 29787
0000000000000000: 00000003 00000000 00000000 0005 03 17102
0000000000000000: 00000002 00000000 00000000 0002 01   447
0000000000000000: 00000003 00000000 00000000 0001 03 1172113
0000000000000000: 00000002 00000000 00000000 0002 01 130154
0000000000000000: 00000002 00000000 00000000 0002 01 32366
0000000000000000: 00000003 00000000 00000000 0005 03 908797
0000000000000000: 00000002 00000000 00000000 0002 01 55886
0000000000000000: 00000003 00000000 00000000 0001 03 1169307
0000000000000000: 00000002 00000000 00000000 0002 01 253825
0000000000000000: 00000002 00000000 00000000 0002 01 72520
0000000000000000: 00000003 00000000 00000000 0005 03 62973
0000000000000000: 00000003 00000000 00000000 0005 03 46964
0000000000000000: 00000002 00000000 00000000 0002 01 22257
0000000000000000: 00000003 00000000 00000000 0005 03 641245
0000000000000000: 00000002 00000000 00000000 0002 01 369473
0000000000000000: 00000002 00000000 00000000 0002 01 54547
0000000000000000: 00000003 00000000 00000000 0005 03 15646
0000000000000000: 00000002 00000000 00000000 0002 01 761645
0000000000000000: 00000003 00000000 00000000 0005 03 116229
0000000000000000: 00000003 00000000 00000000 0001 03 1064600 /dev/socket/traced_producer
0000000000000000: 00000003 00000000 00000000 0005 03 838081
0000000000000000: 00000002 00000000 00000000 0002 01 47277
0000000000000000: 00000002 00000000 00000000 0002 01 25757
0000000000000000: 00000002 00000000 00000000 0002 01 23760
0000000000000000: 00000002 00000000 00000000 0002 01 647410
0000000000000000: 00000002 00000000 00000000 0002 01 286601
0000000000000000: 00000003 00000000 00000000 0005 03 56284
0000000000000000: 00000003 00000000 00000000 0005 03 37429
0000000000000000: 00000003 00000000 00000000 0001 03 14334
0000000000000000: 00000003 00000000 00000000 0005 03 29197 @@@@@@@@@@@@@@@@@@@@@@@@@@@@@@@@@@@@@@@@@@@@@@@@@@@@@@@@@@@@@@@@@@@@@@@@@@@@@@@@@@@@@@@@@@@@@@@@@@@@@@@@@@@@
0000000000000000: 00000002 00000000 00000000 0002 01 23589
0000000000000000: 00000002 00000000 00000000 0002 01   344
0000000000000000: 00000003 00000000 00000000 0001 03 916944
0000000000000000: 00000003 00000000 00000000 0005 03 32365
0000000000000000: 00000002 00000000 00000000 0002 01 990776
0000000000000000: 00000002 00000000 00000000 0002 01 286543
0000000000000000: 00000003 00000000 00000000 0005 03 17162 @@@@@@@@@@@@@@@@@@@@@@@@@@@@@@@@@@@@@@@@@@@@@@@@@@@@@@@@@@@@@@@@@@@@@@@@@@@@@@@@@@@@@@@@@@@@@@@@@@@@@@@@@@@@
0000000000000000: 00000002 00000000 00000000 0002 01 1089574
0000000000000000: 00000003 00000000 00000000 0005 03 1039734
0000000000000000: 00000002 00000000 00000000 0002 01 774383
0000000000000000: 00000003 00000000 00000000 0005 03 46943
0000000000000000: 00000003 00000000 00000000 0001 03 1181022 /dev/socket/traced_producer
0000000000000000: 00000003 00000000 00000000 0001 03 1172219
0000000000000000: 00000003 00000000 00000000 0005 03 1012673
0000000000000000: 00000003 00000000 00000000 0001 03 921812
0000000000000000: 00000003 00000000 00000000 0005 03 999658
0000000000000000: 00000002 00000000 00000000 0002 01 56781
0000000000000000: 00000002 00000000 00000000 0002 01 36268
0000000000000000: 00000002 00000000 00000000 0002 01 21416
0000000000000000: 00000003 00000000 00000000 0005 03 33308
0000000000000000: 00000003 00000000 00000000 0005 03 1178902
0000000000000000: 00000003 00000000 00000000 0001 03 43343
0000000000000000: 00000003 00000000 00000000 0005 03 35205
0000000000000000: 00000002 00000000 00000000 0002 01 29489
0000000000000000: 00000002 00000000 00000000 0002 01 63181
0000000000000000: 00000003 00000000 00000000 0001 03 1181114
0000000000000000: 00000003 00000000 00000000 0005 03 49155
0000000000000000: 00000002 00000000 00000000 0002 01 44021
0000000000000000: 00000003 00000000 00000000 0005 03 1053470
0000000000000000: 00000003 00000000 00000000 0005 03 44706
0000000000000000: 00000003 00000000 00000000 0001 03 1183480
0000000000000000: 00000003 00000000 00000000 0001 03 1170923
0000000000000000: 00000003 00000000 00000000 0005 03 1039733
0000000000000000: 00000002 00000000 00000000 0002 01 23051
0000000000000000: 00000003 00000000 00000000 0005 03 771638
0000000000000000: 00000003 00000000 00000000 0005 03 55888 @jdwp-control
0000000000000000: 00000003 00000000 00000000 0005 03 1174170
0000000000000000: 00000002 00000000 00000000 0002 01 818704
0000000000000000: 00000002 00000000 00000000 0002 01 63156
0000000000000000: 00000002 00000000 00000000 0002 01 56809
0000000000000000: 00000002 00000000 00000000 0002 01  1692
0000000000000000: 00000002 00000000 00000000 0002 01 63421
0000000000000000: 00000003 00000000 00000000 0005 03 66913 @jdwp-control
0000000000000000: 00000003 00000000 00000000 0005 03 42809
0000000000000000: 00000002 00000000 00000000 0002 01 995870
0000000000000000: 00000002 00000000 00000000 0002 01 30105
0000000000000000: 00000003 00000000 00000000 0001 03 31295 /dev/socket/qmux_radio/ril_ipc
0000000000000000: 00000002 00000000 00000000 0002 01 26870
0000000000000000: 00000003 00000000 00000000 0001 03 1169308
0000000000000000: 00000003 00000000 00000000 0001 03 61021
0000000000000000: 00000003 00000000 00000000 0005 03 49332
0000000000000000: 00000003 00000000 00000000 0005 03 45467
0000000000000000: 00000002 00000000 00000000 0002 01 13578
0000000000000000: 00000003 00000000 00000000 0005 03 119281
0000000000000000: 00000002 00000000 00000000 0002 01 74777
0000000000000000: 00000002 00000000 00000000 0002 01 63170
0000000000000000: 00000003 00000000 00000000 0005 03 63565
0000000000000000: 00000002 00000000 00000000 0002 01 29938
0000000000000000: 00000003 00000000 00000000 0005 03 1007891
0000000000000000: 00000003 00000000 00000000 0005 03 990886
0000000000000000: 00000002 00000000 00000000 0002 01 656138
0000000000000000: 00000002 00000000 00000000 0002 01 158741
0000000000000000: 00000002 00000000 00000000 0002 01 68800
0000000000000000: 00000003 00000000 00000000 0001 03 42745
0000000000000000: 00000002 00000000 00000000 0002 01 13655
0000000000000000: 00000003 00000000 00000000 0005 03 49278
0000000000000000: 00000003 00000000 00000000 0005 03 37430
0000000000000000: 00000003 00000000 00000000 0005 03 24895
0000000000000000: 00000002 00000000 00000000 0002 01   405
0000000000000000: 00000002 00000000 00000000 0002 01 20931
0000000000000000: 00000002 00000000 00000000 0002 01 22062
0000000000000000: 00000003 00000000 00000000 0005 03 291522
0000000000000000: 00000002 00000000 00000000 0002 01 63076
0000000000000000: 00000003 00000000 00000000 0005 03  2724
0000000000000000: 00000002 00000000 00000000 0002 01 1037353
0000000000000000: 00000003 00000000 00000000 0005 03 50675
0000000000000000: 00000002 00000000 00000000 0002 01 29184
0000000000000000: 00000003 00000000 00000000 0001 03 148286
0000000000000000: 00000003 00000000 00000000 0005 03 45319
0000000000000000: 00000003 00000000 00000000 0001 03 711878
0000000000000000: 00000003 00000000 00000000 0001 03 1061171
0000000000000000: 00000003 00000000 00000000 0005 03 988348
0000000000000000: 00000002 00000000 00000000 0002 01 56236
0000000000000000: 00000002 00000000 00000000 0002 01 31893
0000000000000000: 00000003 00000000 00000000 0002 01 14013
0000000000000000: 00000003 00000000 00000000 0005 03 45615
0000000000000000: 00000003 00000000 00000000 0002 01   806
0000000000000000: 00000002 00000000 00000000 0002 01 20995
0000000000000000: 00000002 00000000 00000000 0002 01 204181
0000000000000000: 00000002 00000000 00000000 0002 01 63248
0000000000000000: 00000002 00000000 00000000 0002 01 30780
0000000000000000: 00000003 00000000 00000000 0005 03 825480
0000000000000000: 00000003 00000000 00000000 0005 03 54707
0000000000000000: 00000003 00000000 00000000 0005 03 46921
0000000000000000: 00000003 00000000 00000000 0005 03 33794 @@@@@@@@@@@@@@@@@@@@@@@@@@@@@@@@@@@@@@@@@@@@@@@@@@@@@@@@@@@@@@@@@@@@@@@@@@@@@@@@@@@@@@@@@@@@@@@@@@@@@@@@@@@@
0000000000000000: 00000003 00000000 00000000 0005 03 63997
0000000000000000: 00000002 00000000 00000000 0002 01 56918
0000000000000000: 00000002 00000000 00000000 0002 01 26963
0000000000000000: 00000003 00000000 00000000 0005 03 1173972
0000000000000000: 00000003 00000000 00000000 0001 03 1088144
0000000000000000: 00000003 00000000 00000000 0005 03 29165 @@@@@@@@@@@@@@@@@@@@@@@@@@@@@@@@@@@@@@@@@@@@@@@@@@@@@@@@@@@@@@@@@@@@@@@@@@@@@@@@@@@@@@@@@@@@@@@@@@@@@@@@@@@@
0000000000000000: 00000002 00000000 00000000 0002 01 990756
0000000000000000: 00000003 00000000 00000000 0001 03 146837
0000000000000000: 00000003 00000000 00000000 0005 03 35484
0000000000000000: 00000003 00000000 00000000 0001 03 43772
0000000000000000: 00000002 00000000 00000000 0002 01 24270
0000000000000000: 00000003 00000000 00000000 0001 03 1061165
0000000000000000: 00000003 00000000 00000000 0005 03 988347
0000000000000000: 00000003 00000000 00000000 0001 03 119305
0000000000000000: 00000003 00000000 00000000 0005 03 47270
0000000000000000: 00000002 00000000 00000000 0002 01 1089571
0000000000000000: 00000002 00000000 00000000 0002 01 1011010
0000000000000000: 00000003 00000000 00000000 0001 03 631667
0000000000000000: 00000002 00000000 00000000 0002 01 13982
0000000000000000: 00000002 00000000 00000000 0002 01  1960
0000000000000000: 00000003 00000000 00000000 0001 03 146676 /dev/socket/traced_producer
0000000000000000: 00000003 00000000 00000000 0005 03 66276
0000000000000000: 00000003 00000000 00000000 0005 03 66912
0000000000000000: 00000003 00000000 00000000 0001 03 1153613
0000000000000000: 00000002 00000000 00000000 0002 01 192187
0000000000000000: 00000002 00000000 00000000 0002 01 64074
0000000000000000: 00000002 00000000 00000000 0002 01 56884
0000000000000000: 00000003 00000000 00000000 0005 03 47590
0000000000000000: 00000003 00000000 00000000 0001 03 31427 /dev/socket/location/mq/location-mq-s
0000000000000000: 00000003 00000000 00000000 0005 03 15645
0000000000000000: 00000003 00000000 00000000 0005 03 838082
0000000000000000: 00000002 00000000 00000000 0002 01 71998
0000000000000000: 00000002 00000000 00000000 0002 01 56799
0000000000000000: 00000003 00000000 00000000 0002 01   807
0000000000000000: 00000003 00000000 00000000 0002 01 17104
0000000000000000: 00000002 00000000 00000000 0002 01 26097
0000000000000000: 00000002 00000000 00000000 0002 01 26872
0000000000000000: 00000002 00000000 00000000 0002 01 1041596
0000000000000000: 00000003 00000000 00000000 0001 03 148287
0000000000000000: 00000002 00000000 00000000 0002 01 27981
0000000000000000: 00000003 00000000 00000000 0005 03 995892
0000000000000000: 00000003 00000000 00000000 0001 03 631666
0000000000000000: 00000002 00000000 00000000 0002 01 61798
0000000000000000: 00000002 00000000 00000000 0002 01 1173248
0000000000000000: 00000003 00000000 00000000 0001 03 1169165
0000000000000000: 00000003 00000000 00000000 0001 03 117664 @com.android.internal.os.AppZygoteInit/76f9cdf6-d084-41e7-8d4d-24b89244d2c4
0000000000000000: 00000002 00000000 00000000 0002 01 74785
0000000000000000: 00000002 00000000 00000000 0002 01 46830
0000000000000000: 00000002 00000000 00000000 0002 01 46464
0000000000000000: 00000002 00000000 00000000 0002 01 31890
0000000000000000: 00000002 00000000 00000000 0002 01 18650
0000000000000000: 00000002 00000000 00000000 0002 01 15735
0000000000000000: 00000002 00000000 00000000 0002 01 22933
0000000000000000: 00000002 00000000 00000000 0002 01 47352
0000000000000000: 00000003 00000000 00000000 0001 03 1153580
0000000000000000: 00000002 00000000 00000000 0002 01 818709
0000000000000000: 00000003 00000000 00000000 0005 03 50123 /dev/socket/audio_hw_socket
0000000000000000: 00000003 00000000 00000000 0001 03 637601
0000000000000000: 00000002 00000000 00000000 0002 01 292515
0000000000000000: 00000003 00000000 00000000 0005 03 49635
0000000000000000: 00000002 00000000 00000000 0002 01 842335
0000000000000000: 00000002 00000000 00000000 0002 01 243868
0000000000000000: 00000002 00000000 00000000 0002 01 56770
0000000000000000: 00000003 00000000 00000000 0005 03 46991
0000000000000000: 00000002 00000000 00000000 0002 01 17826
0000000000000000: 00000003 00000000 00000000 0001 03 1163460
0000000000000000: 00000003 00000000 00000000 0005 03 49333
0000000000000000: 00000003 00000000 00000000 0005 03 68056
0000000000000000: 00000003 00000000 00000000 0005 03 1178184
0000000000000000: 00000003 00000000 00000000 0001 03 1153581
0000000000000000: 00000003 00000000 00000000 0005 03 778374
0000000000000000: 00000002 00000000 00000000 0002 01 287367
0000000000000000: 00000003 00000000 00000000 0005 03 253482 @jdwp-control
0000000000000000: 00000002 00000000 00000000 0002 01 74920
0000000000000000: 00000003 00000000 00000000 0005 03 44705
0000000000000000: 00000002 00000000 00000000 0002 01 23810
0000000000000000: 00000002 00000000 00000000 0002 01 21223
0000000000000000: 00000003 00000000 00000000 0001 03 1183479
0000000000000000: 00000002 00000000 00000000 0002 01 760269
0000000000000000: 00000002 00000000 00000000 0002 01 223028
0000000000000000: 00000002 00000000 00000000 0002 01 156209
0000000000000000: 00000003 00000000 00000000 0001 03 44595 /dev/socket/zygote
0000000000000000: 00000002 00000000 00000000 0002 01 1053428
0000000000000000: 00000003 00000000 00000000 0005 03 122030
0000000000000000: 00000003 00000000 00000000 0005 03  1008 @@@@@@@@@@@@@@@@@@@@@@@@@@@@@@@@@@@@@@@@@@@@@@@@@@@@@@@@@@@@@@@@@@@@@@@@@@@@@@@@@@@@@@@@@@@@@@@@@@@@@@@@@@@@
0000000000000000: 00000003 00000000 00000000 0005 03 24897
0000000000000000: 00000003 00000000 00000000 0005 03 651917
0000000000000000: 00000003 00000000 00000000 0005 03 277569
0000000000000000: 00000003 00000000 00000000 0001 03 118531 /dev/socket/traced_producer
0000000000000000: 00000003 00000000 00000000 0005 03 45490
0000000000000000: 00000003 00000000 00000000 0002 01 14010
0000000000000000: 00000002 00000000 00000000 0002 01 22397
0000000000000000: 00000002 00000000 00000000 0002 01 16634
0000000000000000: 00000002 00000000 00000000 0002 01 301267
0000000000000000: 00000003 00000000 00000000 0005 03 291525 @jdwp-control
0000000000000000: 00000002 00000000 00000000 0002 01 22449
0000000000000000: 00000002 00000000 00000000 0002 01 56081
0000000000000000: 00000003 00000000 00000000 0005 03 1173973
0000000000000000: 00000003 00000000 00000000 0005 03 76033
0000000000000000: 00000002 00000000 00000000 0002 01 57045
0000000000000000: 00000003 00000000 00000000 0005 03 47591
0000000000000000: 00000002 00000000 00000000 0002 01 22776
0000000000000000: 00000002 00000000 00000000 0002 01 1207525
0000000000000000: 00000003 00000000 00000000 0005 03 1015371
0000000000000000: 00000002 00000000 00000000 0002 01 253381
0000000000000000: 00000003 00000000 00000000 0001 03 48952
0000000000000000: 00000002 00000000 00000000 0002 01 24447
0000000000000000: 00000003 00000000 00000000 0001 03 631695
0000000000000000: 00000002 00000000 00000000 0002 01 246896
0000000000000000: 00000003 00000000 00000000 0005 03 35489
0000000000000000: 00000003 00000000 00000000 0005 03 23411
0000000000000000: 00000003 00000000 00000000 0005 03 1178165
0000000000000000: 00000002 00000000 00000000 0002 01 1033286
0000000000000000: 00000003 00000000 00000000 0005 03 1178843
0000000000000000: 00000003 00000000 00000000 0005 03 49279
0000000000000000: 00000003 00000000 00000000 0005 03 33924
0000000000000000: 00000003 00000000 00000000 0001 03 29788
0000000000000000: 00000002 00000000 00000000 0002 01 13623
0000000000000000: 00000003 00000000 00000000 0001 03 1149764
0000000000000000: 00000002 00000000 00000000 0002 01 294533
0000000000000000: 00000003 00000000 00000000 0005 03 44607
0000000000000000: 00000002 00000000 00000000 0002 01 21232
0000000000000000: 00000003 00000000 00000000 0001 03 14212
0000000000000000: 00000002 00000000 00000000 0002 01 121441
0000000000000000: 00000002 00000000 00000000 0002 01 25323
0000000000000000: 00000002 00000000 00000000 0002 01  1532
0000000000000000: 00000002 00000000 00000000 0002 01 1182757
0000000000000000: 00000002 00000000 00000000 0002 01 1170915
0000000000000000: 00000002 00000000 00000000 0002 01 922983
0000000000000000: 00000003 00000000 00000000 0005 03 49616
0000000000000000: 00000002 00000000 00000000 0002 01 472099
0000000000000000: 00000003 00000000 00000000 0005 03 63996
0000000000000000: 00000002 00000000 00000000 0002 01 56832
0000000000000000: 00000002 00000000 00000000 0002 01 47642
0000000000000000: 00000002 00000000 00000000 0002 01 1166880
0000000000000000: 00000002 00000000 00000000 0002 01 820593
0000000000000000: 00000003 00000000 00000000 0001 03 132178
0000000000000000: 00000003 00000000 00000000 0005 03 46368
0000000000000000: 00000003 00000000 00000000 0005 03 645717
0000000000000000: 00000003 00000000 00000000 0001 03 67597
0000000000000000: 00000003 00000000 00000000 0005 03 48306
0000000000000000: 00000003 00000000 00000000 0005 03 37433
0000000000000000: 00000002 00000000 00000000 0002 01 45749
0000000000000000: 00000003 00000000 00000000 0005 03 43155 @@@@@@@@@@@@@@@@@@@@@@@@@@@@@@@@@@@@@@@@@@@@@@@@@@@@@@@@@@@@@@@@@@@@@@@@@@@@@@@@@@@@@@@@@@@@@@@@@@@@@@@@@@@@
0000000000000000: 00000003 00000000 00000000 0002 01   785
0000000000000000: 00000002 00000000 00000000 0002 01 27647
0000000000000000: 00000003 00000000 00000000 0005 03 253481
0000000000000000: 00000003 00000000 00000000 0005 03 37564
0000000000000000: 00000003 00000000 00000000 0005 03 44760
0000000000000000: 00000003 00000000 00000000 0005 03 116273
0000000000000000: 00000003 00000000 00000000 0001 03 71464
0000000000000000: 00000002 00000000 00000000 0002 01 18946
0000000000000000: 00000003 00000000 00000000 0005 03 404629
0000000000000000: 00000003 00000000 00000000 0005 03  2723
0000000000000000: 00000003 00000000 00000000 0005 03 647066
0000000000000000: 00000003 00000000 00000000 0005 03 412837
0000000000000000: 00000002 00000000 00000000 0002 01 296766
0000000000000000: 00000003 00000000 00000000 0001 03 143773
0000000000000000: 00000002 00000000 00000000 0002 01 21949
0000000000000000: 00000002 00000000 00000000 0002 01 66255
0000000000000000: 00000002 00000000 00000000 0002 01 56122
0000000000000000: 00000002 00000000 00000000 0002 01 54738
0000000000000000: 00000002 00000000 00000000 0002 01 15668
0000000000000000: 00000003 00000000 00000000 0001 03 1151078
0000000000000000: 00000002 00000000 00000000 0002 01 641304
0000000000000000: 00000002 00000000 00000000 0002 01 418955
0000000000000000: 00000002 00000000 00000000 0002 01 344905
0000000000000000: 00000002 00000000 00000000 0002 01 48431
0000000000000000: 00000003 00000000 00000000 0005 03 45511
0000000000000000: 00000002 00000000 00000000 0002 01 43337
0000000000000000: 00000003 00000000 00000000 0005 03 35204
0000000000000000: 00000002 00000000 00000000 0002 01 29548
0000000000000000: 00000003 00000000 00000000 0005 03 778375
0000000000000000: 00000002 00000000 00000000 0002 01 68247
0000000000000000: 00000002 00000000 00000000 0002 01 63983
0000000000000000: 00000002 00000000 00000000 0002 01 24152
0000000000000000: 00000003 00000000 00000000 0001 03 643917
0000000000000000: 00000003 00000000 00000000 0005 03 353481
0000000000000000: 00000002 00000000 00000000 0002 01 67843
0000000000000000: 00000003 00000000 00000000 0005 03 49476
0000000000000000: 00000002 00000000 00000000 0002 01 23568
0000000000000000: 00000002 00000000 00000000 0002 01 278289
0000000000000000: 00000003 00000000 00000000 0005 03 42813
